-0.1
0.05
0.09
0.15
0.15
0.15
0.18
0.19
0.2
0.21
0.21
0.22
0.22
0.24
0.24
0.25
0.25
0.27
0.27
0.28
0.28
0.29
0.33
0.34
0.36
0.39
0.4
0.41
0.41
0.41
0.41
0.42
0.42
0.44
0.44
0.45
0.45
0.46
0.46
0.46
0.47
0.49
0.49
0.5
0.52
0.52
0.52
0.52
0.53
0.53
0.54
0.55
0.55
0.57
0.58
0.59
0.59
0.61
0.61
0.61
0.63
0.64
0.64
0.65
0.67
0.67
0.67
0.69
0.7
0.73
0.73
0.75
0.78
0.79
0.81
0.81
0.82
0.83
0.83
0.84
0.85
0.86
0.91
0.93
0.93
0.93
0.93
0.93
0.94
0.95
0.97
1.02
1.08
1.08
1.1
1.17
1.19
1.19
1.19
1.19
1.19
1.23
1.27
1.28
1.3
1.36
1.42
1.43
2.37
2.37
2.37